         x    flux_1    flux_2    flux_3    flux_4
    0.000000   23.684263   25.968604   25.968604   23.684263
    0.066005   23.673665   25.963962   25.973201   23.694821
    0.132011   23.663025   25.959276   25.977753   23.705339
    0.198016   23.652346   25.954544   25.982260   23.715816
    0.264021   23.641626   25.949768   25.986722   23.726252
    0.330027   23.630865   25.944947   25.991139   23.736648
    0.396032   23.620064   25.940082   25.995512   23.747003
    0.462037   23.609223   25.935171   25.999839   23.757317
    0.528042   23.598341   25.930216   26.004122   23.767591
    0.594048   23.587419   25.925216   26.008360   23.777824
    0.660053   23.576456   25.920171   26.012553   23.788016
    0.726058   23.565453   25.915081   26.016701   23.798168
    0.792064   23.554410   25.909947   26.020804   23.808279
    0.858069   23.543326   25.904767   26.024862   23.818349
    0.924074   23.532202   25.899543   26.028876   23.828378
    0.990080   23.521038   25.894275   26.032844   23.838367
    1.056085   23.509834   25.888961   26.036768   23.848314
    1.122090   23.498589   25.883603   26.040646   23.858221
    1.188095   23.487305   25.878200   26.044480   23.868087
    1.254101   23.475980   25.872753   26.048268   23.877912
    1.320106   23.464615   25.867261   26.052012   23.887696
    1.386111   23.453209   25.861724   26.055711   23.897440
    1.452117   23.441764   25.856142   26.059364   23.907142
    1.518122   23.430278   25.850516   26.062973   23.916804
    1.584127   23.418753   25.844845   26.066537   23.926424
    1.650133   23.407187   25.839129   26.070056   23.936004
    1.716138   23.395581   25.833369   26.073529   23.945542
    1.782143   23.383936   25.827564   26.076958   23.955040
    1.848148   23.372250   25.821714   26.080342   23.964496
    1.914154   23.360524   25.815820   26.083681   23.973912
    1.980159   23.348759   25.809881   26.086975   23.983286
    2.046164   23.336953   25.803898   26.090224   23.992619
    2.112170   23.325108   25.797870   26.093427   24.001911
    2.178175   23.313222   25.791797   26.096586   24.011162
    2.244180   23.301297   25.785680   26.099700   24.020372
    2.310186   23.289332   25.779518   26.102769   24.029541
    2.376191   23.277327   25.773312   26.105792   24.038669
    2.442196   23.265282   25.767061   26.108771   24.047755
    2.508201   23.253198   25.760766   26.111704   24.056800
    2.574207   23.241073   25.754426   26.114593   24.065804
    2.640212   23.228909   25.748041   26.117436   24.074767
    2.706217   23.216706   25.741612   26.120235   24.083689
    2.772223   23.204462   25.735139   26.122988   24.092569
    2.838228   23.192179   25.728621   26.125697   24.101408
    2.904233   23.179856   25.722058   26.128360   24.110206
    2.970239   23.167494   25.715451   26.130978   24.118962
    3.036244   23.155092   25.708800   26.133551   24.127677
    3.102249   23.142650   25.702104   26.136079   24.136351
    3.168255   23.130169   25.695364   26.138562   24.144983
    3.234260   23.117649   25.688579   26.141000   24.153574
    3.300265   23.105088   25.681749   26.143393   24.162124
    3.366270   23.092489   25.674876   26.145740   24.170632
    3.432276   23.079850   25.667958   26.148043   24.179099
    3.498281   23.067171   25.660995   26.150300   24.187524
    3.564286   23.054453   25.653988   26.152513   24.195908
    3.630292   23.041696   25.646937   26.154680   24.204250
    3.696297   23.028899   25.639841   26.156802   24.212551
    3.762302   23.016063   25.632701   26.158879   24.220811
    3.828308   23.003187   25.625517   26.160911   24.229029
    3.894313   22.990272   25.618288   26.162898   24.237205
    3.960318   22.977318   25.611015   26.164840   24.245340
    4.026323   22.964325   25.603698   26.166736   24.253433
    4.092329   22.951292   25.596336   26.168588   24.261485
    4.158334   22.938221   25.588930   26.170394   24.269495
    4.224339   22.925110   25.581480   26.172155   24.277464
    4.290345   22.911959   25.573985   26.173871   24.285390
    4.356350   22.898770   25.566446   26.175542   24.293276
    4.422355   22.885542   25.558863   26.177168   24.301119
    4.488361   22.872274   25.551236   26.178748   24.308921
    4.554366   22.858968   25.543564   26.180284   24.316682
    4.620371   22.845622   25.535849   26.181774   24.324400
    4.686376   22.832237   25.528089   26.183219   24.332077
    4.752382   22.818814   25.520284   26.184620   24.339712
    4.818387   22.805351   25.512436   26.185974   24.347306
    4.884392   22.791850   25.504544   26.187284   24.354858
    4.950398   22.778309   25.496607   26.188549   24.362368
    5.016403   22.764730   25.488626   26.189768   24.369836
    5.082408   22.751112   25.480601   26.190942   24.377262
    5.148414   22.737454   25.472532   26.192072   24.384647
    5.214419   22.723759   25.464418   26.193155   24.391990
    5.280424   22.710024   25.456261   26.194194   24.399291
    5.346429   22.696250   25.448059   26.195188   24.406550
    5.412435   22.682438   25.439814   26.196136   24.413767
    5.478440   22.668587   25.431524   26.197040   24.420943
    5.544445   22.654697   25.423190   26.197898   24.428076
    5.610451   22.640769   25.414813   26.198711   24.435168
    5.676456   22.626802   25.406391   26.199478   24.442218
    5.742461   22.612796   25.397925   26.200201   24.449226
    5.808467   22.598752   25.389415   26.200878   24.456192
    5.874472   22.584669   25.380861   26.201511   24.463116
    5.940477   22.570548   25.372263   26.202098   24.469998
    6.006483   22.556388   25.363621   26.202640   24.476838
    6.072488   22.542190   25.354936   26.203136   24.483636
    6.138493   22.527953   25.346206   26.203588   24.490392
    6.204498   22.513678   25.337432   26.203994   24.497106
    6.270504   22.499364   25.328614   26.204356   24.503778
    6.336509   22.485012   25.319753   26.204672   24.510408
    6.402514   22.470621   25.310847   26.204943   24.516996
    6.468520   22.456193   25.301898   26.205168   24.523542
    6.534525   22.441726   25.292905   26.205349   24.530046
    6.600530   22.427220   25.283868   26.205484   24.536508
    6.666536   22.412677   25.274787   26.205574   24.542928
    6.732541   22.398095   25.265662   26.205619   24.549305
    6.798546   22.383475   25.256493   26.205619   24.555641
    6.864551   22.368816   25.247281   26.205574   24.561934
    6.930557   22.354120   25.238024   26.205483   24.568185
    6.996562   22.339385   25.228724   26.205347   24.574394
    7.062567   22.324613   25.219381   26.205166   24.580561
    7.128573   22.309802   25.209993   26.204940   24.586686
    7.194578   22.294953   25.200562   26.204669   24.592769
    7.260583   22.280066   25.191087   26.204352   24.598809
    7.326589   22.265142   25.181568   26.203991   24.604807
    7.392594   22.250179   25.172005   26.203584   24.610763
    7.458599   22.235178   25.162399   26.203132   24.616677
    7.524604   22.220140   25.152749   26.202635   24.622549
    7.590610   22.205063   25.143056   26.202093   24.628378
    7.656615   22.189949   25.133318   26.201505   24.634165
    7.722620   22.174797   25.123537   26.200873   24.639910
    7.788626   22.159607   25.113713   26.200195   24.645612
    7.854631   22.144379   25.103845   26.199472   24.651273
    7.920636   22.129113   25.093933   26.198704   24.656890
    7.986642   22.113810   25.083978   26.197890   24.662466
    8.052647   22.098469   25.073979   26.197032   24.667999
    8.118652   22.083091   25.063937   26.196128   24.673490
    8.184658   22.067675   25.053851   26.195179   24.678939
    8.250663   22.052221   25.043721   26.194185   24.684345
    8.316668   22.036730   25.033548   26.193146   24.689709
    8.382673   22.021201   25.023332   26.192062   24.695030
    8.448679   22.005634   25.013072   26.190933   24.700310
    8.514684   21.990030   25.002768   26.189758   24.705546
    8.580689   21.974389   24.992421   26.188538   24.710741
    8.646695   21.958710   24.982031   26.187274   24.715893
    8.712700   21.942994   24.971597   26.185964   24.721002
    8.778705   21.927241   24.961120   26.184608   24.726069
    8.844711   21.911450   24.950599   26.183208   24.731094
    8.910716   21.895621   24.940035   26.181763   24.736076
    8.976721   21.879756   24.929428   26.180272   24.741016
    9.042726   21.863853   24.918777   26.178736   24.745913
    9.108732   21.847913   24.908083   26.177156   24.750768
    9.174737   21.831936   24.897345   26.175530   24.755580
    9.240742   21.815922   24.886565   26.173859   24.760350
    9.306748   21.799870   24.875741   26.172142   24.765077
    9.372753   21.783782   24.864873   26.170381   24.769762
    9.438758   21.767656   24.853963   26.168575   24.774404
    9.504764   21.751493   24.843009   26.166723   24.779004
    9.570769   21.735293   24.832012   26.164826   24.783561
    9.636774   21.719057   24.820971   26.162885   24.788076
    9.702779   21.702783   24.809888   26.160898   24.792548
    9.768785   21.686472   24.798761   26.158866   24.796977
    9.834790   21.670125   24.787591   26.156789   24.801364
    9.900795   21.653740   24.776378   26.154667   24.805709
    9.966801   21.637319   24.765122   26.152499   24.810010
   10.032806   21.620861   24.753823   26.150287   24.814270
   10.098811   21.604366   24.742480   26.148030   24.818486
   10.164817   21.587834   24.731095   26.145727   24.822660
   10.230822   21.571266   24.719666   26.143380   24.826792
   10.296827   21.554661   24.708195   26.140987   24.830880
   10.362832   21.538019   24.696680   26.138549   24.834926
   10.428838   21.521341   24.685122   26.136066   24.838930
   10.494843   21.504626   24.673521   26.133539   24.842891
   10.560848   21.487875   24.661877   26.130966   24.846809
   10.626854   21.471087   24.650191   26.128348   24.850684
   10.692859   21.454262   24.638461   26.125685   24.854517
   10.758864   21.437401   24.626688   26.122977   24.858307
   10.824870   21.420504   24.614872   26.120223   24.862054
   10.890875   21.403570   24.603014   26.117425   24.865759
   10.956880   21.386600   24.591112   26.114582   24.869421
   11.022886   21.369593   24.579168   26.111694   24.873040
   11.088891   21.352550   24.567181   26.108761   24.876617
   11.154896   21.335471   24.555151   26.105783   24.880151
   11.220901   21.318356   24.543078   26.102759   24.883642
   11.286907   21.301204   24.530962   26.099691   24.887090
   11.352912   21.284016   24.518803   26.096578   24.890496
   11.418917   21.266792   24.506602   26.093420   24.893859
   11.484923   21.249532   24.494358   26.090216   24.897179
   11.550928   21.232236   24.482071   26.086968   24.900456
   11.616933   21.214904   24.469741   26.083675   24.903691
   11.682939   21.197536   24.457368   26.080337   24.906882
   11.748944   21.180131   24.444953   26.076953   24.910031
   11.814949   21.162691   24.432495   26.073525   24.913138
   11.880954   21.145215   24.419995   26.070052   24.916201
   11.946960   21.127703   24.407452   26.066534   24.919222
   12.012965   21.110155   24.394866   26.062971   24.922199
   12.078970   21.092571   24.382237   26.059363   24.925134
   12.144976   21.074951   24.369566   26.055710   24.928027
   12.210981   21.057296   24.356853   26.052012   24.930876
   12.276986   21.039605   24.344097   26.048270   24.933682
   12.342992   21.021878   24.331298   26.044482   24.936446
   12.408997   21.004116   24.318456   26.040649   24.939167
   12.475002   20.986318   24.305573   26.036772   24.941845
   12.541007   20.968484   24.292646   26.032849   24.944480
   12.607013   20.950615   24.279677   26.028882   24.947072
   12.673018   20.932710   24.266666   26.024870   24.949621
   12.739023   20.914770   24.253612   26.020813   24.952128
   12.805029   20.896794   24.240516   26.016711   24.954592
   12.871034   20.878783   24.227377   26.012564   24.957012
   12.937039   20.860736   24.214196   26.008372   24.959390
   13.003045   20.842654   24.200973   26.004136   24.961725
   13.069050   20.824537   24.187707   25.999854   24.964017
   13.135055   20.806384   24.174399   25.995528   24.966266
   13.201060   20.788196   24.161048   25.991157   24.968473
   13.267066   20.769973   24.147655   25.986741   24.970636
   13.333071   20.751715   24.134220   25.982280   24.972756
   13.399076   20.733421   24.120743   25.977774   24.974834
   13.465082   20.715093   24.107223   25.973224   24.976868
   13.531087   20.696729   24.093661   25.968629   24.978860
   13.597092   20.678330   24.080057   25.963989   24.980809
   13.663098   20.659896   24.066410   25.959304   24.982715
   13.729103   20.641428   24.052722   25.954574   24.984577
   13.795108   20.622924   24.038991   25.949800   24.986397
   13.861114   20.604385   24.025218   25.944981   24.988174
   13.927119   20.585812   24.011403   25.940117   24.989908
   13.993124   20.567203   23.997546   25.935208   24.991599
   14.059129   20.548560   23.983647   25.930255   24.993247
   14.125135   20.529882   23.969705   25.925257   24.994852
   14.191140   20.511169   23.955722   25.920214   24.996414
   14.257145   20.492422   23.941696   25.915126   24.997934
   14.323151   20.473640   23.927629   25.909994   24.999410
   14.389156   20.454823   23.913519   25.904817   25.000843
   14.455161   20.435971   23.899368   25.899595   25.002233
   14.521167   20.417085   23.885174   25.894329   25.003580
   14.587172   20.398165   23.870939   25.889018   25.004885
   14.653177   20.379210   23.856661   25.883662   25.006146
   14.719182   20.360220   23.842342   25.878261   25.007364
   14.785188   20.341196   23.827981   25.872816   25.008539
   14.851193   20.322138   23.813578   25.867326   25.009672
   14.917198   20.303046   23.799133   25.861792   25.010761
   14.983204   20.283919   23.784646   25.856213   25.011807
   15.049209   20.264757   23.770117   25.850589   25.012810
   15.115214   20.245562   23.755546   25.844921   25.013770
   15.181220   20.226332   23.740934   25.839208   25.014688
   15.247225   20.207068   23.726280   25.833451   25.015562
   15.313230   20.187770   23.711584   25.827649   25.016393
   15.379235   20.168438   23.696847   25.821802   25.017181
   15.445241   20.149072   23.682067   25.815911   25.017926
   15.511246   20.129672   23.667246   25.809975   25.018628
   15.577251   20.110237   23.652384   25.803995   25.019287
   15.643257   20.090769   23.637479   25.797970   25.019903
   15.709262   20.071267   23.622533   25.791900   25.020476
   15.775267   20.051731   23.607546   25.785786   25.021006
   15.841273   20.032161   23.592517   25.779628   25.021493
   15.907278   20.012558   23.577446   25.773425   25.021936
   15.973283   19.992920   23.562333   25.767177   25.022337
   16.039288   19.973249   23.547180   25.760885   25.022695
   16.105294   19.953545   23.531984   25.754549   25.023010
   16.171299   19.933806   23.516747   25.748168   25.023281
   16.237304   19.914034   23.501469   25.741743   25.023510
   16.303310   19.894228   23.486149   25.735273   25.023695
   16.369315   19.874389   23.470787   25.728759   25.023838
   16.435320   19.854516   23.455385   25.722200   25.023937
   16.501326   19.834610   23.439940   25.715597   25.023994
   16.567331   19.814671   23.424455   25.708949   25.024007
   16.633336   19.794698   23.408928   25.702257   25.023977
   16.699342   19.774691   23.393359   25.695521   25.023904
   16.765347   19.754652   23.377749   25.688741   25.023788
   16.831352   19.734579   23.362098   25.681915   25.023630
   16.897357   19.714472   23.346406   25.675046   25.023428
   16.963363   19.694333   23.330672   25.668132   25.023182
   17.029368   19.674161   23.314898   25.661174   25.022894
   17.095373   19.653955   23.299081   25.654172   25.022563
   17.161379   19.633716   23.283224   25.647125   25.022189
   17.227384   19.613444   23.267325   25.640034   25.021772
   17.293389   19.593140   23.251386   25.632899   25.021311
   17.359395   19.572802   23.235405   25.625719   25.020808
   17.425400   19.552431   23.219383   25.618495   25.020261
   17.491405   19.532028   23.203319   25.611227   25.019672
   17.557410   19.511591   23.187215   25.603915   25.019039
   17.623416   19.491122   23.171070   25.596558   25.018363
   17.689421   19.470620   23.154883   25.589157   25.017644
   17.755426   19.450085   23.138656   25.581712   25.016883
   17.821432   19.429518   23.122387   25.574223   25.016078
   17.887437   19.408918   23.106078   25.566689   25.015230
   17.953442   19.388285   23.089727   25.559112   25.014338
   18.019448   19.367620   23.073335   25.551490   25.013404
   18.085453   19.346922   23.056903   25.543824   25.012427
   18.151458   19.326192   23.040430   25.536114   25.011407
   18.217463   19.305429   23.023915   25.528359   25.010344
   18.283469   19.284634   23.007360   25.520561   25.009237
   18.349474   19.263806   22.990764   25.512718   25.008088
   18.415479   19.242946   22.974127   25.504832   25.006895
   18.481485   19.222054   22.957449   25.496901   25.005660
   18.547490   19.201130   22.940730   25.488926   25.004381
   18.613495   19.180173   22.923971   25.480907   25.003059
   18.679501   19.159184   22.907171   25.472845   25.001694
   18.745506   19.138164   22.890330   25.464738   25.000287
   18.811511   19.117111   22.873448   25.456587   24.998836
   18.877516   19.096026   22.856526   25.448392   24.997342
   18.943522   19.074909   22.839563   25.440153   24.995805
   19.009527   19.053760   22.822559   25.431870   24.994225
   19.075532   19.032579   22.805514   25.423543   24.992602
   19.141538   19.011366   22.788429   25.415172   24.990935
   19.207543   18.990121   22.771304   25.406757   24.989226
   19.273548   18.968845   22.754137   25.398298   24.987474
   19.339554   18.947537   22.736930   25.389795   24.985679
   19.405559   18.926197   22.719683   25.381249   24.983840
   19.471564   18.904825   22.702395   25.372658   24.981959
   19.537570   18.883422   22.685066   25.364024   24.980034
   19.603575   18.861987   22.667697   25.355345   24.978067
   19.669580   18.840521   22.650288   25.346623   24.976056
   19.735585   18.819023   22.632838   25.337857   24.974003
   19.801591   18.797494   22.615347   25.329047   24.971906
   19.867596   18.775933   22.597817   25.320193   24.969766
   19.933601   18.754341   22.580245   25.311296   24.967584
   19.999607   18.732717   22.562634   25.302355   24.965358
   20.065612   18.711063   22.544982   25.293369   24.963089
   20.131617   18.689377   22.527289   25.284341   24.960778
   20.197623   18.667659   22.509557   25.275268   24.958423
   20.263628   18.645911   22.491784   25.266152   24.956025
   20.329633   18.624131   22.473971   25.256991   24.953584
   20.395638   18.602321   22.456117   25.247788   24.951101
   20.461644   18.580479   22.438223   25.238540   24.948574
   20.527649   18.558607   22.420289   25.229249   24.946004
   20.593654   18.536703   22.402315   25.219914   24.943391
   20.659660   18.514769   22.384301   25.210535   24.940735
   20.725665   18.492803   22.366246   25.201113   24.938036
   20.791670   18.470807   22.348152   25.191647   24.935295
   20.857676   18.448780   22.330017   25.182138   24.932510
   20.923681   18.426723   22.311842   25.172585   24.929682
   20.989686   18.404634   22.293627   25.162988   24.926811
   21.055691   18.382515   22.275372   25.153348   24.923898
   21.121697   18.360366   22.257077   25.143664   24.920941
   21.187702   18.338186   22.238741   25.133937   24.917941
   21.253707   18.315975   22.220366   25.124166   24.914898
   21.319713   18.293734   22.201951   25.114352   24.911813
   21.385718   18.271462   22.183496   25.104494   24.908684
   21.451723   18.249160   22.165001   25.094592   24.905513
   21.517729   18.226828   22.146466   25.084648   24.902298
   21.583734   18.204466   22.127891   25.074659   24.899041
   21.649739   18.182073   22.109276   25.064627   24.895740
   21.715744   18.159650   22.090622   25.054552   24.892397
   21.781750   18.137197   22.071927   25.044434   24.889010
   21.847755   18.114713   22.053193   25.034272   24.885581
   21.913760   18.092200   22.034419   25.024066   24.882109
   21.979766   18.069657   22.015605   25.013818   24.878594
   22.045771   18.047083   21.996751   25.003525   24.875036
   22.111776   18.024480   21.977858   24.993190   24.871435
   22.177782   18.001847   21.958925   24.982811   24.867791
   22.243787   17.979184   21.939952   24.972389   24.864104
   22.309792   17.956491   21.920939   24.961924   24.860374
   22.375798   17.933769   21.901887   24.951415   24.856602
   22.441803   17.911016   21.882795   24.940863   24.852786
   22.507808   17.888235   21.863663   24.930268   24.848928
   22.573813   17.865423   21.844492   24.919630   24.845027
   22.639819   17.842582   21.825281   24.908948   24.841083
   22.705824   17.819711   21.806031   24.898223   24.837095
   22.771829   17.796811   21.786741   24.887455   24.833066
   22.837835   17.773882   21.767412   24.876644   24.828993
   22.903840   17.750923   21.748043   24.865790   24.824877
   22.969845   17.727935   21.728634   24.854892   24.820719
   23.035851   17.704917   21.709186   24.843952   24.816517
   23.101856   17.681871   21.689699   24.832968   24.812273
   23.167861   17.658795   21.670172   24.821941   24.807986
   23.233866   17.635690   21.650606   24.810871   24.803656
   23.299872   17.612555   21.631000   24.799758   24.799284
   23.365877   17.589392   21.611355   24.788602   24.794868
   23.431882   17.566200   21.591671   24.777403   24.790410
   23.497888   17.542979   21.571947   24.766161   24.785909
   23.563893   17.519729   21.552184   24.754876   24.781365
   23.629898   17.496450   21.532382   24.743549   24.776778
   23.695904   17.473142   21.512540   24.732178   24.772148
   23.761909   17.449806   21.492659   24.720764   24.767476
   23.827914   17.426440   21.472739   24.709307   24.762761
   23.893919   17.403046   21.452780   24.697807   24.758003
   23.959925   17.379624   21.432781   24.686265   24.753202
   24.025930   17.356173   21.412743   24.674679   24.748359
   24.091935   17.332693   21.392666   24.663051   24.743472
   24.157941   17.309185   21.372550   24.651380   24.738544
   24.223946   17.285649   21.352395   24.639666   24.733572
   24.289951   17.262084   21.332200   24.627909   24.728557
   24.355957   17.238490   21.311967   24.616109   24.723500
   24.421962   17.214869   21.291694   24.604267   24.718400
   24.487967   17.191219   21.271383   24.592382   24.713258
   24.553973   17.167541   21.251032   24.580454   24.708072
   24.619978   17.143835   21.230642   24.568484   24.702844
   24.685983   17.120101   21.210214   24.556470   24.697573
   24.751988   17.096339   21.189746   24.544414   24.692260
   24.817994   17.072548   21.169239   24.532316   24.686904
   24.883999   17.048730   21.148694   24.520174   24.681505
   24.950004   17.024884   21.128109   24.507991   24.676064
   25.016010   17.001010   21.107486   24.495764   24.670579
   25.082015   16.977109   21.086824   24.483495   24.665053
   25.148020   16.953179   21.066122   24.471183   24.659483
   25.214026   16.929222   21.045382   24.458829   24.653871
   25.280031   16.905237   21.024603   24.446432   24.648216
   25.346036   16.881225   21.003786   24.433993   24.642519
   25.412041   16.857185   20.982929   24.421511   24.636779
   25.478047   16.833118   20.962034   24.408987   24.630996
   25.544052   16.809023   20.941100   24.396420   24.625171
   25.610057   16.784901   20.920127   24.383810   24.619303
   25.676063   16.760751   20.899116   24.371159   24.613393
   25.742068   16.736574   20.878065   24.358464   24.607440
   25.808073   16.712370   20.856976   24.345728   24.601444
   25.874079   16.688139   20.835849   24.332949   24.595406
   25.940084   16.663881   20.814683   24.320128   24.589326
   26.006089   16.639595   20.793478   24.307264   24.583202
   26.072094   16.615283   20.772234   24.294358   24.577037
   26.138100   16.590943   20.750952   24.281410   24.570828
   26.204105   16.566577   20.729631   24.268419   24.564577
   26.270110   16.542184   20.708272   24.255386   24.558284
   26.336116   16.517764   20.686874   24.242311   24.551948
   26.402121   16.493317   20.665438   24.229194   24.545570
   26.468126   16.468843   20.643963   24.216034   24.539149
   26.534132   16.444343   20.622450   24.202832   24.532686
   26.600137   16.419816   20.600898   24.189589   24.526180
   26.666142   16.395262   20.579307   24.176302   24.519631
   26.732147   16.370682   20.557679   24.162974   24.513041
   26.798153   16.346076   20.536011   24.149604   24.506407
   26.864158   16.321443   20.514306   24.136191   24.499732
   26.930163   16.296784   20.492562   24.122737   24.493014
   26.996169   16.272099   20.470779   24.109240   24.486253
   27.062174   16.247387   20.448959   24.095701   24.479450
   27.128179   16.222649   20.427099   24.082121   24.472605
   27.194185   16.197885   20.405202   24.068498   24.465717
   27.260190   16.173095   20.383266   24.054833   24.458787
   27.326195   16.148278   20.361292   24.041126   24.451814
   27.392201   16.123436   20.339280   24.027378   24.444799
   27.458206   16.098568   20.317229   24.013587   24.437742
   27.524211   16.073674   20.295140   23.999755   24.430643
   27.590216   16.048754   20.273013   23.985880   24.423501
   27.656222   16.023809   20.250848   23.971964   24.416316
   27.722227   15.998837   20.228645   23.958006   24.409090
   27.788232   15.973840   20.206403   23.944006   24.401821
   27.854238   15.948818   20.184123   23.929964   24.394510
   27.920243   15.923770   20.161805   23.915880   24.387156
   27.986248   15.898696   20.139449   23.901755   24.379760
   28.052254   15.873597   20.117055   23.887588   24.372322
   28.118259   15.848473   20.094622   23.873379   24.364842
   28.184264   15.823323   20.072152   23.859128   24.357319
   28.250269   15.798148   20.049643   23.844836   24.349754
   28.316275   15.772948   20.027097   23.830502   24.342147
   28.382280   15.747722   20.004512   23.816126   24.334498
   28.448285   15.722472   19.981889   23.801709   24.326806
   28.514291   15.697196   19.959229   23.787250   24.319073
   28.580296   15.671896   19.936530   23.772750   24.311297
   28.646301   15.646570   19.913793   23.758208   24.303479
   28.712307   15.621220   19.891019   23.743624   24.295618
   28.778312   15.595844   19.868206   23.728999   24.287716
   28.844317   15.570444   19.845356   23.714332   24.279771
   28.910322   15.545020   19.822467   23.699624   24.271784
   28.976328   15.519570   19.799541   23.684874   24.263756
   29.042333   15.494096   19.776577   23.670083   24.255684
   29.108338   15.468598   19.753575   23.655250   24.247571
   29.174344   15.443075   19.730535   23.640376   24.239416
   29.240349   15.417527   19.707457   23.625461   24.231219
   29.306354   15.391955   19.684341   23.610504   24.222979
   29.372360   15.366359   19.661188   23.595506   24.214698
   29.438365   15.340739   19.637996   23.580467   24.206374
   29.504370   15.315094   19.614767   23.565386   24.198009
   29.570375   15.289425   19.591500   23.550264   24.189601
   29.636381   15.263732   19.568196   23.535100   24.181151
   29.702386   15.238015   19.544853   23.519896   24.172660
   29.768391   15.212275   19.521473   23.504650   24.164126
   29.834397   15.186510   19.498055   23.489363   24.155550
   29.900402   15.160721   19.474599   23.474035   24.146933
   29.966407   15.134909   19.451106   23.458665   24.138273
   30.032413   15.109072   19.427575   23.443254   24.129571
   30.098418   15.083213   19.404006   23.427803   24.120828
   30.164423   15.057329   19.380400   23.412310   24.112042
   30.230429   15.031422   19.356756   23.396776   24.103215
   30.296434   15.005491   19.333074   23.381201   24.094346
   30.362439   14.979537   19.309355   23.365585   24.085434
   30.428444   14.953560   19.285598   23.349928   24.076481
   30.494450   14.927559   19.261804   23.334230   24.067486
   30.560455   14.901535   19.237972   23.318491   24.058449
   30.626460   14.875488   19.214102   23.302711   24.049371
   30.692466   14.849418   19.190195   23.286890   24.040250
   30.758471   14.823324   19.166250   23.271028   24.031088
   30.824476   14.797208   19.142268   23.255125   24.021883
   30.890482   14.771068   19.118248   23.239181   24.012637
   30.956487   14.744906   19.094190   23.223197   24.003349
   31.022492   14.718720   19.070095   23.207172   23.994020
   31.088497   14.692512   19.045963   23.191105   23.984648
   31.154503   14.666282   19.021793   23.174998   23.975235
   31.220508   14.640028   18.997586   23.158851   23.965780
   31.286513   14.613752   18.973341   23.142662   23.956284
   31.352519   14.587454   18.949059   23.126433   23.946745
   31.418524   14.561133   18.924739   23.110163   23.937165
   31.484529   14.534789   18.900382   23.093852   23.927544
   31.550535   14.508423   18.875987   23.077501   23.917880
   31.616540   14.482035   18.851555   23.061109   23.908175
   31.682545   14.455625   18.827085   23.044677   23.898428
   31.748550   14.429192   18.802579   23.028203   23.888640
   31.814556   14.402738   18.778034   23.011690   23.878810
   31.880561   14.376261   18.753453   22.995135   23.868938
   31.946566   14.349762   18.728834   22.978541   23.859024
   32.012572   14.323242   18.704177   22.961905   23.849070
   32.078577   14.296699   18.679484   22.945229   23.839073
   32.144582   14.270135   18.654753   22.928513   23.829035
   32.210588   14.243549   18.629984   22.911756   23.818955
   32.276593   14.216941   18.605178   22.894959   23.808834
   32.342598   14.190312   18.580335   22.878122   23.798671
   32.408603   14.163661   18.555455   22.861244   23.788467
   32.474609   14.136989   18.530537   22.844325   23.778221
   32.540614   14.110295   18.505582   22.827367   23.767934
   32.606619   14.083580   18.480590   22.810368   23.757605
   32.672625   14.056843   18.455561   22.793328   23.747235
   32.738630   14.030086   18.430494   22.776249   23.736823
   32.804635   14.003307   18.405390   22.759129   23.726370
   32.870641   13.976507   18.380248   22.741969   23.715876
   32.936646   13.949686   18.355070   22.724769   23.705340
   33.002651   13.922844   18.329854   22.707528   23.694762
   33.068657   13.895981   18.304601   22.690248   23.684144
   33.134662   13.869098   18.279311   22.672927   23.673483
   33.200667   13.842193   18.253983   22.655566   23.662782
   33.266672   13.815268   18.228618   22.638165   23.652039
   33.332678   13.788323   18.203216   22.620724   23.641255
   33.398683   13.761356   18.177777   22.603243   23.630429
   33.464688   13.734369   18.152301   22.585722   23.619563
   33.530694   13.707362   18.126787   22.568161   23.608654
   33.596699   13.680335   18.101237   22.550560   23.597705
   33.662704   13.653287   18.075649   22.532919   23.586714
   33.728710   13.626218   18.050023   22.515237   23.575682
   33.794715   13.599130   18.024361   22.497517   23.564609
   33.860720   13.572022   17.998662   22.479756   23.553495
   33.926725   13.544893   17.972925   22.461955   23.542339
   33.992731   13.517744   17.947151   22.444114   23.531142
   34.058736   13.490576   17.921340   22.426234   23.519904
   34.124741   13.463388   17.895492   22.408314   23.508625
   34.190747   13.436180   17.869607   22.390354   23.497305
   34.256752   13.408952   17.843684   22.372354   23.485944
   34.322757   13.381705   17.817724   22.354314   23.474541
   34.388763   13.354438   17.791728   22.336235   23.463097
   34.454768   13.327151   17.765694   22.318116   23.451612
   34.520773   13.299845   17.739623   22.299958   23.440086
   34.586778   13.272520   17.713514   22.281759   23.428520
   34.652784   13.245176   17.687369   22.263521   23.416911
   34.718789   13.217812   17.661187   22.245244   23.405262
   34.784794   13.190429   17.634967   22.226927   23.393572
   34.850800   13.163027   17.608710   22.208570   23.381841
   34.916805   13.135606   17.582416   22.190174   23.370069
   34.982810   13.108166   17.556085   22.171738   23.358256
   35.048816   13.080707   17.529717   22.153263   23.346402
   35.114821   13.053230   17.503312   22.134748   23.334507
   35.180826   13.025733   17.476869   22.116194   23.322571
   35.246831   12.998218   17.450390   22.097601   23.310594
   35.312837   12.970685   17.423873   22.078968   23.298576
   35.378842   12.943132   17.397319   22.060295   23.286518
   35.444847   12.915562   17.370728   22.041584   23.274418
   35.510853   12.887973   17.344100   22.022833   23.262277
   35.576858   12.860366   17.317435   22.004042   23.250096
   35.642863   12.832740   17.290732   21.985212   23.237874
   35.708869   12.805096   17.263993   21.966344   23.225611
   35.774874   12.777435   17.237216   21.947435   23.213307
   35.840879   12.749755   17.210402   21.928488   23.200963
   35.906885   12.722057   17.183551   21.909501   23.188577
   35.972890   12.694341   17.156663   21.890476   23.176151
   36.038895   12.666608   17.129738   21.871411   23.163684
   36.104900   12.638857   17.102776   21.852306   23.151177
   36.170906   12.611088   17.075776   21.833163   23.138628
   36.236911   12.583302   17.048739   21.813981   23.126039
   36.302916   12.555498   17.021665   21.794760   23.113410
   36.368922   12.527676   16.994554   21.775499   23.100739
   36.434927   12.499838   16.967406   21.756200   23.088028
   36.500932   12.471982   16.940221   21.736861   23.075276
   36.566938   12.444108   16.912998   21.717484   23.062484
   36.632943   12.416218   16.885738   21.698068   23.049651
   36.698948   12.388311   16.858441   21.678612   23.036778
   36.764953   12.360386   16.831107   21.659118   23.023863
   36.830959   12.332445   16.803735   21.639585   23.010909
   36.896964   12.304487   16.776327   21.620013   22.997913
   36.962969   12.276512   16.748881   21.600402   22.984878
   37.028975   12.248520   16.721398   21.580752   22.971801
   37.094980   12.220512   16.693877   21.561064   22.958685
   37.160985   12.192487   16.666320   21.541337   22.945527
   37.226991   12.164446   16.638725   21.521571   22.932329
   37.292996   12.136389   16.611093   21.501766   22.919091
   37.359001   12.108315   16.583424   21.481923   22.905812
   37.425006   12.080225   16.555717   21.462041   22.892493
   37.491012   12.052119   16.527973   21.442120   22.879134
   37.557017   12.023996   16.500192   21.422161   22.865734
   37.623022   11.995858   16.472373   21.402163   22.852294
   37.689028   11.967704   16.444518   21.382126   22.838813
   37.755033   11.939534   16.416625   21.362051   22.825292
   37.821038   11.911348   16.388694   21.341937   22.811731
   37.887044   11.883146   16.360726   21.321785   22.798129
   37.953049   11.854929   16.332721   21.301594   22.784487
   38.019054   11.826697   16.304679   21.281365   22.770805
   38.085060   11.798448   16.276599   21.261097   22.757082
   38.151065   11.770185   16.248481   21.240791   22.743319
   38.217070   11.741906   16.220327   21.220446   22.729516
   38.283075   11.713612   16.192134   21.200063   22.715673
   38.349081   11.685303   16.163905   21.179642   22.701789
   38.415086   11.656979   16.135638   21.159182   22.687866
   38.481091   11.628640   16.107333   21.138684   22.673902
   38.547097   11.600286   16.078992   21.118148   22.659898
   38.613102   11.571917   16.050612   21.097573   22.645854
   38.679107   11.543534   16.022195   21.076961   22.631769
   38.745113   11.515136   15.993741   21.056310   22.617645
   38.811118   11.486723   15.965249   21.035620   22.603481
   38.877123   11.458296   15.936719   21.014893   22.589276
   38.943128   11.429855   15.908152   20.994127   22.575031
   39.009134   11.401399   15.879548   20.973323   22.560747
   39.075139   11.372929   15.850905   20.952481   22.546422
   39.141144   11.344444   15.822226   20.931601   22.532057
   39.207150   11.315946   15.793508   20.910683   22.517652
   39.273155   11.287434   15.764753   20.889727   22.503208
   39.339160   11.258908   15.735960   20.868733   22.488723
   39.405166   11.230368   15.707130   20.847700   22.474198
   39.471171   11.201814   15.678262   20.826630   22.459634
   39.537176   11.173247   15.649356   20.805522   22.445029
   39.603181   11.144666   15.620412   20.784376   22.430385
   39.669187   11.116072   15.591431   20.763192   22.415701
   39.735192   11.087464   15.562412   20.741970   22.400976
   39.801197   11.058843   15.533355   20.720710   22.386212
   39.867203   11.030209   15.504260   20.699412   22.371408
   39.933208   11.001561   15.475127   20.678076   22.356565
   39.999213   10.972901   15.445957   20.656703   22.341681
   40.065219   10.944227   15.416748   20.635292   22.326758
   40.131224   10.915541   15.387502   20.613843   22.311795
   40.197229   10.886842   15.358218   20.592356   22.296792
   40.263234   10.858130   15.328896   20.570831   22.281749
   40.329240   10.829406   15.299536   20.549269   22.266667
   40.395245   10.800669   15.270137   20.527669   22.251545
   40.461250   10.771920   15.240701   20.506032   22.236383
   40.527256   10.743158   15.211227   20.484356   22.221182
   40.593261   10.714384   15.181714   20.462644   22.205941
   40.659266   10.685598   15.152164   20.440893   22.190660
   40.725272   10.656800   15.122575   20.419105   22.175340
   40.791277   10.627990   15.092949   20.397280   22.159980
   40.857282   10.599168   15.063284   20.375416   22.144581
   40.923288   10.570334   15.033581   20.353516   22.129141
   40.989293   10.541489   15.003839   20.331578   22.113663
   41.055298   10.512632   14.974059   20.309602   22.098145
   41.121303   10.483763   14.944241   20.287589   22.082587
   41.187309   10.454883   14.914385   20.265538   22.066990
   41.253314   10.425991   14.884490   20.243450   22.051353
   41.319319   10.397089   14.854557   20.221325   22.035676
   41.385325   10.368175   14.824586   20.199162   22.019961
   41.451330   10.339250   14.794576   20.176962   22.004206
   41.517335   10.310314   14.764527   20.154725   21.988411
   41.583341   10.281367   14.734440   20.132450   21.972577
   41.649346   10.252409   14.704315   20.110138   21.956704
   41.715351   10.223441   14.674151   20.087789   21.940791
   41.781356   10.194462   14.643948   20.065403   21.924839
   41.847362   10.165472   14.613707   20.042979   21.908847
   41.913367   10.136472   14.583427   20.020518   21.892816
   41.979372   10.107462   14.553108   19.998020   21.876746
   42.045378   10.078442   14.522750   19.975485   21.860637
   42.111383   10.049411   14.492354   19.952912   21.844488
   42.177388   10.020370   14.461919   19.930303   21.828300
   42.243394    9.991320   14.431445   19.907656   21.812072
   42.309399    9.962259   14.400932   19.884972   21.795806
   42.375404    9.933189   14.370380   19.862251   21.779500
   42.441409    9.904109   14.339789   19.839494   21.763155
   42.507415    9.875020   14.309159   19.816699   21.746771
   42.573420    9.845921   14.278490   19.793867   21.730348
   42.639425    9.816812   14.247782   19.770998   21.713885
   42.705431    9.787695   14.217035   19.748092   21.697384
   42.771436    9.758568   14.186248   19.725150   21.680843
   42.837441    9.729432   14.155423   19.702170   21.664263
   42.903447    9.700288   14.124558   19.679153   21.647644
   42.969452    9.671134   14.093653   19.656100   21.630986
   43.035457    9.641972   14.062710   19.633009   21.614289
   43.101462    9.612801   14.031727   19.609882   21.597553
   43.167468    9.583621   14.000704   19.586718   21.580778
   43.233473    9.554433   13.969642   19.563518   21.563963
   43.299478    9.525237   13.938541   19.540280   21.547110
   43.365484    9.496032   13.907400   19.517006   21.530218
   43.431489    9.466819   13.876219   19.493694   21.513287
   43.497494    9.437598   13.844999   19.470347   21.496317
   43.563500    9.408369   13.813739   19.446962   21.479308
   43.629505    9.379132   13.782439   19.423541   21.462260
   43.695510    9.349888   13.751099   19.400083   21.445173
   43.761516    9.320636   13.719720   19.376588   21.428048
   43.827521    9.291376   13.688300   19.353057   21.410883
   43.893526    9.262109   13.656841   19.329489   21.393680
   43.959531    9.232834   13.625341   19.305885   21.376437
   44.025537    9.203553   13.593802   19.282244   21.359156
   44.091542    9.174264   13.562222   19.258567   21.341836
   44.157547    9.144968   13.530602   19.234852   21.324478
   44.223553    9.115665   13.498942   19.211102   21.307080
   44.289558    9.086355   13.467242   19.187315   21.289644
   44.355563    9.057039   13.435501   19.163491   21.272169
   44.421569    9.027716   13.403720   19.139631   21.254656
   44.487574    8.998387   13.371898   19.115735   21.237103
   44.553579    8.969051   13.340036   19.091802   21.219512
   44.619584    8.939709   13.308133   19.067832   21.201882
   44.685590    8.910361   13.276190   19.043826   21.184214
   44.751595    8.881006   13.244206   19.019784   21.166507
   44.817600    8.851646   13.212181   18.995706   21.148761
   44.883606    8.822280   13.180116   18.971591   21.130977
   44.949611    8.792908   13.148009   18.947440   21.113154
   45.015616    8.763531   13.115862   18.923252   21.095293
   45.081622    8.734148   13.083673   18.899029   21.077393
   45.147627    8.704760   13.051444   18.874769   21.059454
   45.213632    8.675366   13.019173   18.850472   21.041477
   45.279637    8.645968   12.986862   18.826140   21.023461
   45.345643    8.616564   12.954509   18.801771   21.005407
   45.411648    8.587155   12.922114   18.777366   20.987315
   45.477653    8.557742   12.889678   18.752925   20.969183
   45.543659    8.528323   12.857201   18.728447   20.951014
   45.609664    8.498901   12.824683   18.703934   20.932806
   45.675669    8.469473   12.792122   18.679384   20.914559
   45.741675    8.440042   12.759520   18.654798   20.896274
   45.807680    8.410606   12.726877   18.630177   20.877951
   45.873685    8.381165   12.694191   18.605519   20.859590
   45.939690    8.351721   12.661464   18.580825   20.841190
   46.005696    8.322273   12.628694   18.556094   20.822751
   46.071701    8.292822   12.595883   18.531328   20.804274
   46.137706    8.263366   12.563029   18.506526   20.785759
   46.203712    8.233907   12.530134   18.481688   20.767206
   46.269717    8.204445   12.497196   18.456814   20.748614
   46.335722    8.174979   12.464216   18.431903   20.729984
   46.401728    8.145510   12.431193   18.406957   20.711316
   46.467733    8.116038   12.398128   18.381975   20.692610
   46.533738    8.086563   12.365020   18.356957   20.673865
   46.599744    8.057085   12.331870   18.331903   20.655082
   46.665749    8.027604   12.298677   18.306813   20.636261
   46.731754    7.998121   12.265442   18.281687   20.617402
   46.797759    7.968636   12.232163   18.256526   20.598504
   46.863765    7.939148   12.198841   18.231328   20.579569
   46.929770    7.909657   12.165477   18.206095   20.560595
   46.995775    7.880165   12.132069   18.180826   20.541583
   47.061781    7.850671   12.098618   18.155520   20.522533
   47.127786    7.821175   12.065124   18.130180   20.503445
   47.193791    7.791677   12.031586   18.104803   20.484318
   47.259797    7.762177   11.998005   18.079390   20.465154
   47.325802    7.732676   11.964380   18.053942   20.445952
   47.391807    7.703174   11.930712   18.028458   20.426711
   47.457812    7.673671   11.897000   18.002939   20.407433
   47.523818    7.644166   11.863244   17.977383   20.388116
   47.589823    7.614661   11.829444   17.951792   20.368762
   47.655828    7.585154   11.795600   17.926165   20.349369
   47.721834    7.555647   11.761712   17.900502   20.329939
   47.787839    7.526139   11.727780   17.874804   20.310470
   47.853844    7.496631   11.693803   17.849070   20.290964
   47.919850    7.467123   11.659782   17.823301   20.271420
   47.985855    7.437614   11.625717   17.797495   20.251837
   48.051860    7.408106   11.591607   17.771655   20.232217
   48.117865    7.378597   11.557452   17.745778   20.212559
   48.183871    7.349089   11.523253   17.719866   20.192863
   48.249876    7.319580   11.489008   17.693918   20.173129
   48.315881    7.290073   11.454719   17.667935   20.153358
   48.381887    7.260566   11.420385   17.641916   20.133548
   48.447892    7.231060   11.386005   17.615862   20.113701
   48.513897    7.201554   11.351580   17.589772   20.093816
   48.579903    7.172050   11.317110   17.563646   20.073893
   48.645908    7.142547   11.282594   17.537485   20.053932
   48.711913    7.113045   11.248032   17.511289   20.033933
   48.777918    7.083544   11.213425   17.485057   20.013897
   48.843924    7.054045   11.178772   17.458789   19.993823
   48.909929    7.024548   11.144073   17.432486   19.973711
   48.975934    6.995053   11.109328   17.406147   19.953561
   49.041940    6.965559   11.074536   17.379773   19.933374
   49.107945    6.936068   11.039699   17.353364   19.913149
   49.173950    6.906579   11.004815   17.326919   19.892886
   49.239956    6.877092   10.969884   17.300439   19.872586
   49.305961    6.847608   10.934907   17.273923   19.852248
   49.371966    6.818127   10.899883   17.247371   19.831872
   49.437972    6.788648   10.864812   17.220785   19.811459
   49.503977    6.759173   10.829694   17.194163   19.791008
   49.569982    6.729700   10.794529   17.167505   19.770519
   49.635987    6.700231   10.759317   17.140812   19.749993
   49.701993    6.670765   10.724057   17.114084   19.729429
   49.767998    6.641303   10.688750   17.087320   19.708828
   49.834003    6.611844   10.653395   17.060521   19.688189
   49.900009    6.582389   10.617993   17.033687   19.667512
   49.966014    6.552939   10.582542   17.006817   19.646798
   50.032019    6.523492   10.547044   16.979912   19.626046
   50.098025    6.494050   10.511498   16.952972   19.605257
   50.164030    6.464612   10.475903   16.925996   19.584430
   50.230035    6.435179   10.440260   16.898985   19.563566
   50.296040    6.405750   10.404568   16.871938   19.542664
   50.362046    6.376326   10.368828   16.844857   19.521725
   50.428051    6.346908   10.333039   16.817740   19.500748
   50.494056    6.317494   10.297200   16.790587   19.479734
   50.560062    6.288086   10.261313   16.763400   19.458683
   50.626067    6.258684   10.225377   16.736177   19.437594
   50.692072    6.229287   10.189391   16.708918   19.416467
   50.758078    6.199896   10.153356   16.681625   19.395303
   50.824083    6.170511   10.117271   16.654296   19.374102
   50.890088    6.141132   10.081136   16.626932   19.352863
   50.956093    6.111759   10.044952   16.599532   19.331587
   51.022099    6.082393   10.008717   16.572098   19.310273
   51.088104    6.053033    9.972432   16.544628   19.288922
   51.154109    6.023680    9.936097   16.517123   19.267534
   51.220115    5.994334    9.899711   16.489582   19.246108
   51.286120    5.964995    9.863274   16.462006   19.224645
   51.352125    5.935664    9.826787   16.434395   19.203145
   51.418131    5.906339    9.790249   16.406749   19.181607
   51.484136    5.877023    9.753659   16.379068   19.160032
   51.550141    5.847714    9.717019   16.351351   19.138420
   51.616146    5.818413    9.680326   16.323599   19.116770
   51.682152    5.789120    9.643582   16.295812   19.095084
   51.748157    5.759835    9.606787   16.267989   19.073359
   51.814162    5.730559    9.569939   16.240132   19.051598
   51.880168    5.701291    9.533040   16.212239   19.029799
   51.946173    5.672032    9.496088   16.184310   19.007963
   52.012178    5.642782    9.459083   16.156347   18.986090
   52.078184    5.613540    9.422026   16.128348   18.964179
   52.144189    5.584309    9.384917   16.100314   18.942231
   52.210194    5.555086    9.347754   16.072245   18.920246
   52.276200    5.525873    9.310538   16.044141   18.898224
   52.342205    5.496670    9.273269   16.016001   18.876165
   52.408210    5.467477    9.235946   15.987826   18.854068
   52.474215    5.438294    9.198570   15.959616   18.831934
   52.540221    5.409121    9.161140   15.931371   18.809763
   52.606226    5.379959    9.123656   15.903090   18.787555
   52.672231    5.350807    9.086118   15.874774   18.765309
   52.738237    5.321666    9.048525   15.846423   18.743027
   52.804242    5.292536    9.010878   15.818037   18.720707
   52.870247    5.263417    8.973176   15.789615   18.698350
   52.936253    5.234310    8.935419   15.761158   18.675956
   53.002258    5.205214    8.897607   15.732666   18.653524
   53.068263    5.176129    8.859740   15.704139   18.631056
   53.134268    5.147057    8.821818   15.675576   18.608550
   53.200274    5.117997    8.783839   15.646978   18.586008
   53.266279    5.088949    8.745805   15.618345   18.563428
   53.332284    5.059913    8.707715   15.589676   18.540811
   53.398290    5.030890    8.669568   15.560972   18.518157
   53.464295    5.001880    8.631365   15.532233   18.495465
   53.530300    4.972883    8.593105   15.503458   18.472737
   53.596306    4.943898    8.554789   15.474649   18.449972
   53.662311    4.914928    8.516415   15.445804   18.427169
   53.728316    4.885971    8.477984   15.416923   18.404329
   53.794321    4.857027    8.439496   15.388007   18.381453
   53.860327    4.828098    8.400950   15.359056   18.358539
   53.926332    4.799183    8.362346   15.330070   18.335588
   53.992337    4.770282    8.323684   15.301048   18.312600
   54.058343    4.741395    8.284963   15.271991   18.289575
   54.124348    4.712524    8.246184   15.242898   18.266512
   54.190353    4.683667    8.207347   15.213771   18.243413
   54.256359    4.654825    8.168450   15.184607   18.220277
   54.322364    4.625999    8.129494   15.155409   18.197104
   54.388369    4.597188    8.090478   15.126175   18.173893
   54.454375    4.568393    8.051403   15.096905   18.150646
   54.520380    4.539613    8.012269   15.067600   18.127361
   54.586385    4.510850    7.973074   15.038260   18.104039
   54.652390    4.482103    7.933818   15.008884   18.080681
   54.718396    4.453373    7.894502   14.979473   18.057285
   54.784401    4.424659    7.855126   14.950026   18.033852
   54.850406    4.395962    7.815688   14.920544   18.010382
   54.916412    4.367283    7.776189   14.891026   17.986875
   54.982417    4.338620    7.736628   14.861473   17.963331
   55.048422    4.309976    7.697006   14.831884   17.939750
   55.114428    4.281349    7.657322   14.802260   17.916132
   55.180433    4.252740    7.617575   14.772600   17.892477
   55.246438    4.224149    7.577766   14.742905   17.868785
   55.312443    4.195576    7.537895   14.713174   17.845056
   55.378449    4.167022    7.497960   14.683407   17.821289
   55.444454    4.138487    7.457962   14.653605   17.797486
   55.510459    4.109971    7.417901   14.623767   17.773646
   55.576465    4.081474    7.377775   14.593894   17.749768
   55.642470    4.052997    7.337586   14.563985   17.725854
   55.708475    4.024539    7.297333   14.534040   17.701902
   55.774481    3.996102    7.257015   14.504059   17.677913
   55.840486    3.967684    7.216632   14.474043   17.653888
   55.906491    3.939287    7.176184   14.443991   17.629825
   55.972496    3.910910    7.135671   14.413904   17.605725
   56.038502    3.882554    7.095093   14.383780   17.581589
   56.104507    3.854219    7.054448   14.353621   17.557415
   56.170512    3.825905    7.013738   14.323426   17.533204
   56.236518    3.797613    6.972961   14.293196   17.508956
   56.302523    3.769342    6.932117   14.262929   17.484670
   56.368528    3.741094    6.891206   14.232626   17.460348
   56.434534    3.712867    6.850228   14.202288   17.435989
   56.500539    3.684663    6.809183   14.171914   17.411593
   56.566544    3.656481    6.768069   14.141504   17.387159
   56.632549    3.628323    6.726888   14.111058   17.362689
   56.698555    3.600187    6.685638   14.080576   17.338181
   56.764560    3.572075    6.644320   14.050058   17.313636
   56.830565    3.543986    6.602932   14.019503   17.289054
   56.896571    3.515921    6.561475   13.988913   17.264435
   56.962576    3.487880    6.519949   13.958287   17.239779
   57.028581    3.459863    6.478353   13.927625   17.215086
   57.094587    3.431871    6.436686   13.896927   17.190356
   57.160592    3.403904    6.394949   13.866192   17.165588
   57.226597    3.375961    6.353141   13.835421   17.140784
   57.292603    3.348044    6.311262   13.804614   17.115942
   57.358608    3.320153    6.269312   13.773771   17.091063
   57.424613    3.292287    6.227290   13.742892   17.066147
   57.490618    3.264447    6.185196   13.711976   17.041193
   57.556624    3.236633    6.143029   13.681025   17.016203
   57.622629    3.208846    6.100790   13.650036   16.991175
   57.688634    3.181085    6.058478   13.619012   16.966110
   57.754640    3.153352    6.016092   13.587951   16.941008
   57.820645    3.125646    5.973633   13.556853   16.915869
   57.886650    3.097967    5.931100   13.525720   16.890693
   57.952656    3.070316    5.888492   13.494549   16.865479
   58.018661    3.042693    5.845809   13.463343   16.840228
   58.084666    3.015098    5.803052   13.432099   16.814940
   58.150671    2.987532    5.760219   13.400819   16.789614
   58.216677    2.959995    5.717310   13.369503   16.764252
   58.282682    2.932487    5.674326   13.338150   16.738852
   58.348687    2.905008    5.631265   13.306760   16.713414
   58.414693    2.877559    5.588127   13.275333   16.687940
   58.480698    2.850139    5.544912   13.243870   16.662428
   58.546703    2.822750    5.501619   13.212370   16.636878
   58.612709    2.795391    5.458249   13.180833   16.611292
   58.678714    2.768063    5.414800   13.149259   16.585668
   58.744719    2.740766    5.371273   13.117648   16.560007
   58.810724    2.713500    5.327667   13.086001   16.534308
   58.876730    2.686266    5.283982   13.054316   16.508572
   58.942735    2.659063    5.240216   13.022595   16.482798
   59.008740    2.631893    5.196371   12.990836   16.456987
   59.074746    2.604755    5.152446   12.959041   16.431139
   59.140751    2.577649    5.108439   12.927208   16.405253
   59.206756    2.550577    5.064351   12.895338   16.379330
   59.272762    2.523537    5.020182   12.863431   16.353369
   59.338767    2.496531    4.975931   12.831486   16.327371
   59.404772    2.469559    4.931597   12.799505   16.301335
   59.470777    2.442621    4.887180   12.767486   16.275262
   59.536783    2.415717    4.842680   12.735429   16.249151
   59.602788    2.388848    4.798097   12.703336   16.223003
   59.668793    2.362014    4.753430   12.671204   16.196817
   59.734799    2.335215    4.708678   12.639036   16.170593
   59.800804    2.308452    4.663841   12.606829   16.144332
   59.866809    2.281725    4.618920   12.574585   16.118033
   59.932815    2.255034    4.573912   12.542304   16.091697
   59.998820    2.228379    4.528819   12.509985   16.065323
   60.064825    2.201761    4.483638   12.477628   16.038911
   60.130831    2.175180    4.438371   12.445233   16.012462
   60.196836    2.148636    4.393017   12.412800   15.985975
   60.262841    2.122130    4.347575   12.380330   15.959450
   60.328846    2.095662    4.302045   12.347821   15.932887
   60.394852    2.069232    4.256426   12.315275   15.906286
   60.460857    2.042841    4.210718   12.282690   15.879648
   60.526862    2.016489    4.164920   12.250068   15.852972
   60.592868    1.990176    4.119032   12.217407   15.826258
   60.658873    1.963903    4.073054   12.184708   15.799506
   60.724878    1.937669    4.026985   12.151971   15.772716
   60.790884    1.911476    3.980825   12.119195   15.745889
   60.856889    1.885323    3.934573   12.086382   15.719023
   60.922894    1.859211    3.888228   12.053529   15.692120
   60.988899    1.833140    3.841791   12.020639   15.665178
   61.054905    1.807111    3.795261   11.987709   15.638198
   61.120910    1.781124    3.748636   11.954741   15.611181
   61.186915    1.755179    3.701918   11.921735   15.584125
   61.252921    1.729276    3.655105   11.888690   15.557031
   61.318926    1.703416    3.608197   11.855605   15.529899
   61.384931    1.677599    3.561193   11.822483   15.502729
   61.450937    1.651826    3.514093   11.789321   15.475521
   61.516942    1.626097    3.466897   11.756120   15.448275
   61.582947    1.600412    3.419603   11.722880   15.420990
   61.648952    1.574771    3.372212   11.689602   15.393667
   61.714958    1.549175    3.324722   11.656284   15.366306
   61.780963    1.523625    3.277134   11.622926   15.338906
   61.846968    1.498120    3.229447   11.589530   15.311469
   61.912974    1.472661    3.181660   11.556094   15.283992
   61.978979    1.447248    3.133773   11.522619   15.256478
   62.044984    1.421882    3.085786   11.489104   15.228925
   62.110990    1.396563    3.037697   11.455550   15.201333
   62.176995    1.371292    2.989506   11.421956   15.173703
   62.243000    1.346068    2.941213   11.388322   15.146035
   62.309005    1.320892    2.892817   11.354649   15.118328
   62.375011    1.295765    2.844318   11.320936   15.090582
   62.441016    1.270686    2.795714   11.287183   15.062798
   62.507021    1.245657    2.747007   11.253390   15.034975
   62.573027    1.220677    2.698194   11.219557   15.007113
   62.639032    1.195747    2.649275   11.185683   14.979212
   62.705037    1.170868    2.600251   11.151770   14.951273
   62.771043    1.146039    2.551120   11.117816   14.923295
   62.837048    1.121262    2.501881   11.083822   14.895278
   62.903053    1.096535    2.452534   11.049788   14.867223
   62.969059    1.071861    2.403080   11.015713   14.839128
   63.035064    1.047239    2.353516   10.981597   14.810995
   63.101069    1.022669    2.303842   10.947441   14.782822
   63.167074    0.998153    2.254058   10.913244   14.754611
   63.233080    0.973690    2.204164   10.879006   14.726360
   63.299085    0.949280    2.154158   10.844727   14.698070
   63.365090    0.924925    2.104040   10.810407   14.669741
   63.431096    0.900625    2.053809   10.776046   14.641373
   63.497101    0.876379    2.003465   10.741644   14.612966
   63.563106    0.852189    1.953008   10.707201   14.584519
   63.629112    0.828055    1.902435   10.672716   14.556034
   63.695117    0.803977    1.851748   10.638190   14.527508
   63.761122    0.779955    1.800945   10.603623   14.498944
   63.827127    0.755991    1.750026   10.569013   14.470340
   63.893133    0.732084    1.698990   10.534362   14.441696
   63.959138    0.708235    1.647836   10.499670   14.413013
   64.025143    0.684444    1.596563   10.464935   14.384290
   64.091149    0.660712    1.545172   10.430158   14.355528
   64.157154    0.637039    1.493662   10.395340   14.326726
   64.223159    0.613425    1.442031   10.360479   14.297885
   64.289165    0.589872    1.390279   10.325576   14.269003
   64.355170    0.566379    1.338405   10.290630   14.240082
   64.421175    0.542946    1.286410   10.255643   14.211121
   64.487180    0.519576    1.234291   10.220612   14.182120
   64.553186    0.496266    1.182049   10.185539   14.153079
   64.619191    0.473019    1.129682   10.150423   14.123998
   64.685196    0.449835    1.077191   10.115264   14.094877
   64.751202    0.426714    1.024573   10.080063   14.065716
   64.817207    0.403656    0.971830   10.044818   14.036515
   64.883212    0.380662    0.918959   10.009530   14.007274
   64.949218    0.357732    0.865960    9.974199   13.977992
   65.015223    0.334868    0.812833    9.938824   13.948670
   65.081228    0.312068    0.759577    9.903406   13.919307
   65.147233    0.289335    0.706191    9.867944   13.889905
   65.213239    0.266668    0.652674    9.832439   13.860461
   65.279244    0.244067    0.599025    9.796890   13.830978
   65.345249    0.221534    0.545244    9.761297   13.801453
   65.411255    0.199068    0.491331    9.725659   13.771888
   65.477260    0.176670    0.437283    9.689978   13.742282
   65.543265    0.154341    0.383102    9.654252   13.712636
   65.609271    0.132082    0.328785    9.618482   13.682948
   65.675276    0.109891    0.274332    9.582668   13.653220
   65.741281    0.087771    0.219742    9.546809   13.623451
   65.807287    0.065721    0.165015    9.510905   13.593640
   65.873292    0.043742    0.110149    9.474956   13.563789
   65.939297    0.021835    0.055145    9.438963   13.533897
