inf = 15.000000
         f''(0)        f'(inf)          error
  0.300000  0.741758 -0.258242
  0.600000  1.177467  0.177467
  0.477808  1.011619  0.011619
  0.405386  0.906623 -0.093377
  0.448310  0.969543 -0.030457
  0.465793  0.994589 -0.005411
  0.472914  1.004700  0.004700
  0.470014  1.000588  0.000588
  0.468295  0.998146 -0.001854
  0.469314  0.999594 -0.000406
  0.469729  1.000183  0.000183
  0.469560  0.999943 -0.000057
  0.469660  1.000085  0.000085
  0.469619  1.000027  0.000027
  0.469595  0.999993 -0.000007
  0.469609  1.000013  0.000013
  0.469603  1.000005  0.000005
  0.469600  1.000000  0.000000
