        Time  Center temperature
    0.000000   20.000000
   80.000002   22.000090
  160.000005   24.000658
  240.000007   26.002598
  320.000010   28.007370
  400.000012   30.016863
  480.000014   32.033131
  560.000017   34.058090
  640.000019   36.093282
  720.000021   38.139723
  800.000024   40.197854
  880.000026   42.267561
  960.000029   44.348246
 1040.000031   46.438920
 1120.000033   48.538297
 1200.000036   50.644890
 1280.000038   52.757088
 1360.000041   54.873222
 1440.000043   56.991613
 1520.000045   59.110616
 1600.000048   61.228642
 1680.000050   63.344182
 1760.000052   65.455816
 1840.000055   67.562220
 1920.000057   69.662169
 2000.000060   71.754539
 2080.000062   73.838301
 2160.000064   75.912520
 2240.000067   77.976350
 2320.000069   80.029028
 2400.000072   82.069872
 2480.000074   84.098269
 2560.000076   86.113676
 2640.000079   88.115612
 2720.000081   90.103653
 2800.000083   92.077428
 2880.000086   94.036614
 2960.000088   95.980931
 3040.000091   97.910142
 3120.000093   99.824043
 3200.000095  101.722467
 3280.000098  103.605273
 3360.000100  105.472353
 3440.000103  107.323618
 3520.000105  109.159006
 3600.000107  110.978474
 3680.000110  112.781997
 3760.000112  114.569567
 3840.000114  116.341193
 3920.000117  118.096895
 4000.000119  119.836706
 4080.000122  121.560671
 4160.000124  123.268844
 4240.000126  124.961288
 4320.000129  126.638075
 4400.000131  128.299283
 4480.000134  129.944996
 4560.000136  131.575305
 4640.000138  133.190306
 4720.000141  134.790097
 4800.000143  136.374783
 4880.000145  137.944470
 4960.000148  139.499270
 5040.000150  141.039293
 5120.000153  142.564656
 5200.000155  144.075475
 5280.000157  145.571868
 5360.000160  147.053955
 5440.000162  148.521856
 5520.000165  149.975694
 5600.000167  151.415590
 5680.000169  152.841668
 5760.000172  154.254049
 5840.000174  155.652858
 5920.000176  157.038217
 6000.000179  158.410251
 6080.000181  159.769080
 6160.000184  161.114829
 6240.000186  162.447620
 6320.000188  163.767573
 6400.000191  165.074811
 6480.000193  166.369454
 6560.000196  167.651622
 6640.000198  168.921433
 6720.000200  170.179008
 6800.000203  171.424463
 6880.000205  172.657914
 6960.000207  173.879479
 7040.000210  175.089272
 7120.000212  176.287408
 7200.000215  177.473999
 7280.000217  178.649158
 7360.000219  179.812997
 7440.000222  180.965625
 7520.000224  182.107153
 7600.000226  183.237688
 7680.000229  184.357338
 7760.000231  185.466210
 7840.000234  186.564409
 7920.000236  187.652040
 8000.000238  188.729205
 8080.000241  189.796008
 8160.000243  190.852549
 8240.000246  191.898930
 8320.000248  192.935250
 8400.000250  193.961608
 8480.000253  194.978100
 8560.000255  195.984824
 8640.000257  196.981875
 8720.000260  197.969347
 8800.000262  198.947335
 8880.000265  199.915932
 8960.000267  200.875228
 9040.000269  201.825315
 9120.000272  202.766284
 9200.000274  203.698222
 9280.000277  204.621218
 9360.000279  205.535359
 9440.000281  206.440733
 9520.000284  207.337423
 9600.000286  208.225515
 9680.000288  209.105093
 9760.000291  209.976239
 9840.000293  210.839036
 9920.000296  211.693565
10000.000298  212.539906
10080.000300  213.378138
10160.000303  214.208342
10240.000305  215.030593
10320.000308  215.844971
10400.000310  216.651550
10480.000312  217.450408
10560.000315  218.241618
10640.000317  219.025255
10720.000319  219.801392
10800.000322  220.570101
10880.000324  221.331456
10960.000327  222.085526
11040.000329  222.832383
11120.000331  223.572095
11200.000334  224.304733
11280.000336  225.030364
11360.000339  225.749056
11440.000341  226.460876
11520.000343  227.165891
11600.000346  227.864166
11680.000348  228.555766
11760.000350  229.240756
11840.000353  229.919198
11920.000355  230.591157
12000.000358  231.256695
12080.000360  231.915873
12160.000362  232.568753
12240.000365  233.215395
12320.000367  233.855860
12400.000370  234.490207
12480.000372  235.118495
12560.000374  235.740781
12640.000377  236.357124
12720.000379  236.967581
12800.000381  237.572208
12880.000384  238.171061
12960.000386  238.764197
13040.000389  239.351669
13120.000391  239.933531
13200.000393  240.509839
13280.000396  241.080645
13360.000398  241.646002
13440.000401  242.205962
13520.000403  242.760577
13600.000405  243.309898
13680.000408  243.853977
13760.000410  244.392862
13840.000412  244.926604
13920.000415  245.455253
14000.000417  245.978857
14080.000420  246.497464
14160.000422  247.011122
14240.000424  247.519879
14320.000427  248.023782
14400.000429  248.522876
14480.000432  249.017209
14560.000434  249.506825
14640.000436  249.991770
14720.000439  250.472088
14800.000441  250.947825
14880.000443  251.419022
14960.000446  251.885725
15040.000448  252.347975
15120.000451  252.805817
15200.000453  253.259290
15280.000455  253.708439
15360.000458  254.153303
15440.000460  254.593924
15520.000463  255.030342
15600.000465  255.462598
15680.000467  255.890731
15760.000470  256.314780
15840.000472  256.734785
15920.000474  257.150785
16000.000477  257.562817
16080.000479  257.970920
16160.000482  258.375131
16240.000484  258.775487
16320.000486  259.172025
16400.000489  259.564781
16480.000491  259.953792
16560.000494  260.339094
16640.000496  260.720721
16720.000498  261.098710
16800.000501  261.473093
16880.000503  261.843907
16960.000505  262.211185
17040.000508  262.574961
17120.000510  262.935268
17200.000513  263.292140
17280.000515  263.645609
17360.000517  263.995708
17440.000520  264.342468
17520.000522  264.685922
17600.000525  265.026102
17680.000527  265.363038
17760.000529  265.696761
17840.000532  266.027303
17920.000534  266.354693
18000.000536  266.678962
18080.000539  267.000139
18160.000541  267.318254
18240.000544  267.633336
18320.000546  267.945414
18400.000548  268.254516
18480.000551  268.560672
18560.000553  268.863909
18640.000556  269.164255
18720.000558  269.461737
18800.000560  269.756384
18880.000563  270.048221
18960.000565  270.337276
19040.000567  270.623575
19120.000570  270.907145
19200.000572  271.188012
19280.000575  271.466201
19360.000577  271.741738
19440.000579  272.014648
19520.000582  272.284956
19600.000584  272.552688
19680.000587  272.817867
19760.000589  273.080518
19840.000591  273.340666
19920.000594  273.598333
20000.000596  273.853544
20080.000598  274.106322
20160.000601  274.356690
20240.000603  274.604672
20320.000606  274.850289
20400.000608  275.093566
20480.000610  275.334523
20560.000613  275.573183
20640.000615  275.809567
20720.000618  276.043699
20800.000620  276.275599
20880.000622  276.505288
20960.000625  276.732787
21040.000627  276.958118
21120.000629  277.181300
21200.000632  277.402356
21280.000634  277.621303
21360.000637  277.838164
21440.000639  278.052958
21520.000641  278.265704
21600.000644  278.476422
21680.000646  278.685131
21760.000648  278.891851
21840.000651  279.096600
21920.000653  279.299398
22000.000656  279.500262
22080.000658  279.699211
22160.000660  279.896265
22240.000663  280.091439
22320.000665  280.284753
22400.000668  280.476225
22480.000670  280.665871
22560.000672  280.853710
22640.000675  281.039758
22720.000677  281.224032
22800.000679  281.406550
22880.000682  281.587328
22960.000684  281.766383
23040.000687  281.943731
23120.000689  282.119388
23200.000691  282.293371
23280.000694  282.465696
23360.000696  282.636378
23440.000699  282.805433
23520.000701  282.972876
23600.000703  283.138724
23680.000706  283.302990
23760.000708  283.465691
23840.000710  283.626840
23920.000713  283.786454
24000.000715  283.944546
24080.000718  284.101131
24160.000720  284.256224
24240.000722  284.409838
24320.000725  284.561988
24400.000727  284.712687
24480.000730  284.861950
24560.000732  285.009791
24640.000734  285.156222
24720.000737  285.301257
24800.000739  285.444910
24880.000741  285.587193
24960.000744  285.728120
25040.000746  285.867704
25120.000749  286.005957
25200.000751  286.142893
25280.000753  286.278523
25360.000756  286.412860
25440.000758  286.545917
25520.000761  286.677705
25600.000763  286.808237
25680.000765  286.937525
25760.000768  287.065581
25840.000770  287.192415
25920.000772  287.318041
26000.000775  287.442470
26080.000777  287.565712
26160.000780  287.687780
26240.000782  287.808684
26320.000784  287.928435
26400.000787  288.047045
26480.000789  288.164525
26560.000792  288.280884
26640.000794  288.396135
26720.000796  288.510287
26800.000799  288.623350
26880.000801  288.735336
26960.000803  288.846255
27040.000806  288.956116
27120.000808  289.064930
27200.000811  289.172707
27280.000813  289.279457
27360.000815  289.385189
27440.000818  289.489913
27520.000820  289.593639
27600.000823  289.696376
27680.000825  289.798134
27760.000827  289.898922
27840.000830  289.998749
27920.000832  290.097624
28000.000834  290.195557
28080.000837  290.292557
28160.000839  290.388632
28240.000842  290.483791
28320.000844  290.578043
28400.000846  290.671397
28480.000849  290.763861
28560.000851  290.855443
28640.000854  290.946153
28720.000856  291.035998
28800.000858  291.124986
28880.000861  291.213126
28960.000863  291.300427
29040.000865  291.386894
29120.000868  291.472538
29200.000870  291.557365
29280.000873  291.641384
29360.000875  291.724602
29440.000877  291.807027
29520.000880  291.888666
29600.000882  291.969526
29680.000885  292.049616
29760.000887  292.128943
29840.000889  292.207513
29920.000892  292.285335
30000.000894  292.362415
30080.000896  292.438760
30160.000899  292.514377
30240.000901  292.589273
30320.000904  292.663456
30400.000906  292.736931
30480.000908  292.809706
30560.000911  292.881788
30640.000913  292.953182
30720.000916  293.023896
30800.000918  293.093935
30880.000920  293.163307
30960.000923  293.232018
31040.000925  293.300074
31120.000927  293.367481
31200.000930  293.434246
31280.000932  293.500374
31360.000935  293.565872
31440.000937  293.630745
31520.000939  293.695001
31600.000942  293.758643
31680.000944  293.821679
31760.000947  293.884114
31840.000949  293.945955
31920.000951  294.007205
32000.000954  294.067872
32080.000956  294.127960
32160.000958  294.187476
32240.000961  294.246424
32320.000963  294.304811
32400.000966  294.362641
32480.000968  294.419919
32560.000970  294.476652
32640.000973  294.532844
32720.000975  294.588500
32800.000978  294.643626
32880.000980  294.698226
32960.000982  294.752306
33040.000985  294.805871
33120.000987  294.858924
33200.000989  294.911473
33280.000992  294.963520
33360.000994  295.015071
33440.000997  295.066131
33520.000999  295.116704
33600.001001  295.166794
33680.001004  295.216408
33760.001006  295.265548
33840.001009  295.314221
33920.001011  295.362429
34000.001013  295.410177
34080.001016  295.457471
34160.001018  295.504314
34240.001020  295.550710
34320.001023  295.596664
34400.001025  295.642180
34480.001028  295.687262
34560.001030  295.731914
34640.001032  295.776141
34720.001035  295.819946
34800.001037  295.863334
34880.001040  295.906308
34960.001042  295.948872
35040.001044  295.991031
35120.001047  296.032787
35200.001049  296.074146
35280.001051  296.115111
35360.001054  296.155685
35440.001056  296.195872
35520.001059  296.235676
35600.001061  296.275101
35680.001063  296.314150
35760.001066  296.352827
35840.001068  296.391135
35920.001070  296.429078
36000.001073  296.466659
36080.001075  296.503882
36160.001078  296.540751
36240.001080  296.577268
36320.001082  296.613436
36400.001085  296.649260
36480.001087  296.684743
36560.001090  296.719887
36640.001092  296.754696
36720.001094  296.789174
36800.001097  296.823323
36880.001099  296.857146
36960.001101  296.890647
37040.001104  296.923829
37120.001106  296.956694
37200.001109  296.989246
37280.001111  297.021488
37360.001113  297.053422
37440.001116  297.085052
37520.001118  297.116381
37600.001121  297.147411
37680.001123  297.178145
37760.001125  297.208586
37840.001128  297.238737
37920.001130  297.268600
38000.001132  297.298179
38080.001135  297.327476
38160.001137  297.356494
38240.001140  297.385235
38320.001142  297.413702
38400.001144  297.441898
38480.001147  297.469825
38560.001149  297.497486
38640.001152  297.524883
38720.001154  297.552019
38800.001156  297.578897
38880.001159  297.605518
38960.001161  297.631885
39040.001163  297.658001
39120.001166  297.683869
39200.001168  297.709489
39280.001171  297.734866
39360.001173  297.760000
39440.001175  297.784895
39520.001178  297.809552
39600.001180  297.833975
39680.001183  297.858165
39760.001185  297.882124
39840.001187  297.905855
39920.001190  297.929359
40000.001192  297.952640
40080.001194  297.975699
40160.001197  297.998537
40240.001199  298.021159
40320.001202  298.043564
40400.001204  298.065756
40480.001206  298.087736
40560.001209  298.109507
40640.001211  298.131071
40720.001214  298.152428
40800.001216  298.173583
40880.001218  298.194535
40960.001221  298.215288
41040.001223  298.235843
41120.001225  298.256202
41200.001228  298.276367
41280.001230  298.296340
41360.001233  298.316123
41440.001235  298.335717
41520.001237  298.355124
41600.001240  298.374346
41680.001242  298.393385
41760.001245  298.412242
41840.001247  298.430920
41920.001249  298.449420
42000.001252  298.467743
42080.001254  298.485892
42160.001256  298.503867
42240.001259  298.521672
42320.001261  298.539306
42400.001264  298.556773
42480.001266  298.574073
42560.001268  298.591208
42640.001271  298.608180
42720.001273  298.624990
42800.001276  298.641639
42880.001278  298.658130
42960.001280  298.674464
43040.001283  298.690642
43120.001285  298.706666
43200.001287  298.722538
43280.001290  298.738258
43360.001292  298.753828
43440.001295  298.769249
43520.001297  298.784524
43600.001299  298.799653
43680.001302  298.814638
43760.001304  298.829480
43840.001307  298.844181
43920.001309  298.858741
44000.001311  298.873163
44080.001314  298.887447
44160.001316  298.901595
44240.001318  298.915608
44320.001321  298.929488
44400.001323  298.943235
44480.001326  298.956851
44560.001328  298.970337
44640.001330  298.983695
44720.001333  298.996926
44800.001335  299.010030
44880.001338  299.023010
44960.001340  299.035866
45040.001342  299.048599
45120.001345  299.061211
45200.001347  299.073703
45280.001349  299.086075
45360.001352  299.098330
45440.001354  299.110468
45520.001357  299.122490
45600.001359  299.134398
45680.001361  299.146192
45760.001364  299.157873
45840.001366  299.169444
45920.001369  299.180904
46000.001371  299.192254
46080.001373  299.203497
46160.001376  299.214632
46240.001378  299.225662
46320.001380  299.236586
46400.001383  299.247406
46480.001385  299.258123
46560.001388  299.268737
46640.001390  299.279251
46720.001392  299.289664
46800.001395  299.299978
46880.001397  299.310194
46960.001400  299.320312
47040.001402  299.330334
47120.001404  299.340261
47200.001407  299.350092
47280.001409  299.359830
47360.001411  299.369476
47440.001414  299.379029
47520.001416  299.388491
47600.001419  299.397863
47680.001421  299.407146
47760.001423  299.416340
47840.001426  299.425447
47920.001428  299.434466
48000.001431  299.443400
48080.001433  299.452249
48160.001435  299.461013
48240.001438  299.469694
48320.001440  299.478292
48400.001442  299.486808
48480.001445  299.495243
48560.001447  299.503597
48640.001450  299.511872
48720.001452  299.520068
48800.001454  299.528186
48880.001457  299.536226
48960.001459  299.544190
49040.001462  299.552078
49120.001464  299.559891
49200.001466  299.567629
49280.001469  299.575294
49360.001471  299.582885
49440.001473  299.590404
49520.001476  299.597852
49600.001478  299.605228
49680.001481  299.612534
49760.001483  299.619770
49840.001485  299.626938
49920.001488  299.634037
50000.001490  299.641069
50080.001493  299.648033
50160.001495  299.654931
50240.001497  299.661763
50320.001500  299.668531
50400.001502  299.675233
50480.001504  299.681872
50560.001507  299.688448
50640.001509  299.694960
50720.001512  299.701411
50800.001514  299.707800
50880.001516  299.714129
50960.001519  299.720397
51040.001521  299.726605
51120.001523  299.732754
51200.001526  299.738845
51280.001528  299.744877
51360.001531  299.750852
51440.001533  299.756770
51520.001535  299.762632
51600.001538  299.768437
51680.001540  299.774188
51760.001543  299.779883
51840.001545  299.785525
51920.001547  299.791112
52000.001550  299.796646
52080.001552  299.802128
52160.001554  299.807557
52240.001557  299.812934
52320.001559  299.818261
52400.001562  299.823536
52480.001564  299.828761
52560.001566  299.833937
52640.001569  299.839063
52720.001571  299.844140
52800.001574  299.849169
52880.001576  299.854149
52960.001578  299.859083
53040.001581  299.863969
53120.001583  299.868809
53200.001585  299.873603
53280.001588  299.878350
53360.001590  299.883053
53440.001593  299.887711
53520.001595  299.892324
53600.001597  299.896894
53680.001600  299.901420
53760.001602  299.905903
53840.001605  299.910343
53920.001607  299.914740
54000.001609  299.919096
54080.001612  299.923410
54160.001614  299.927684
54240.001616  299.931916
54320.001619  299.936108
54400.001621  299.940260
54480.001624  299.944373
54560.001626  299.948446
54640.001628  299.952481
54720.001631  299.956477
54800.001633  299.960435
54880.001636  299.964355
54960.001638  299.968238
55040.001640  299.972084
55120.001643  299.975893
55200.001645  299.979666
55280.001647  299.983403
55360.001650  299.987104
55440.001652  299.990770
55520.001655  299.994401
55600.001657  299.997998
55680.001659  300.001560
55760.001662  300.005088
55840.001664  300.008583
55920.001667  300.012044
56000.001669  300.015472
56080.001671  300.018868
56160.001674  300.022231
56240.001676  300.025562
56320.001678  300.028862
56400.001681  300.032130
56480.001683  300.035366
56560.001686  300.038572
56640.001688  300.041748
56720.001690  300.044893
56800.001693  300.048008
56880.001695  300.051094
56960.001698  300.054150
57040.001700  300.057177
57120.001702  300.060175
57200.001705  300.063144
57280.001707  300.066086
57360.001709  300.068999
57440.001712  300.071884
57520.001714  300.074742
57600.001717  300.077573
57680.001719  300.080376
57760.001721  300.083153
57840.001724  300.085904
57920.001726  300.088628
58000.001729  300.091326
58080.001731  300.093999
